Best CV RMSE: 21693.82
Best Parameters:
{'max_depth': 20, 'min_samples_split': 2, 'n_estimators': 200}

All CV results:
    mean_fit_time  std_fit_time  mean_score_time  std_score_time param_max_depth param_min_samples_split param_n_estimators                                                             params  split0_test_score  split1_test_score  split2_test_score  split3_test_score  split4_test_score  mean_test_score  std_test_score  rank_test_score
0        0.435729      0.024039         0.004934        0.001774            None                       2                 50    {'max_depth': None, 'min_samples_split': 2, 'n_estimators': 50}      -4.845655e+08      -4.249881e+08      -4.271957e+08      -4.660008e+08      -5.911058e+08    -4.787712e+08    6.061085e+07               14
1        0.933612      0.049326         0.008719        0.002663            None                       2                100   {'max_depth': None, 'min_samples_split': 2, 'n_estimators': 100}      -4.693017e+08      -4.196612e+08      -4.311677e+08      -4.591851e+08      -5.776412e+08    -4.713914e+08    5.610052e+07                4
2        1.846552      0.052546         0.014526        0.003652            None                       2                200   {'max_depth': None, 'min_samples_split': 2, 'n_estimators': 200}      -4.627316e+08      -4.262003e+08      -4.287753e+08      -4.490384e+08      -5.867613e+08    -4.707014e+08    5.956653e+07                2
3        0.411272      0.029151         0.003969        0.001869            None                       5                 50    {'max_depth': None, 'min_samples_split': 5, 'n_estimators': 50}      -4.831558e+08      -4.210315e+08      -4.328637e+08      -4.595896e+08      -5.950523e+08    -4.783386e+08    6.220754e+07               11
4        0.738973      0.007768         0.004462        0.001332            None                       5                100   {'max_depth': None, 'min_samples_split': 5, 'n_estimators': 100}      -4.772701e+08      -4.208835e+08      -4.331607e+08      -4.545850e+08      -5.872538e+08    -4.746306e+08    5.950007e+07                8
5        1.557322      0.024727         0.010327        0.001803            None                       5                200   {'max_depth': None, 'min_samples_split': 5, 'n_estimators': 200}      -4.690491e+08      -4.263337e+08      -4.299989e+08      -4.466231e+08      -6.010804e+08    -4.746170e+08    6.500723e+07                7
6        0.356414      0.034795         0.002512        0.000369            None                      10                 50   {'max_depth': None, 'min_samples_split': 10, 'n_estimators': 50}      -4.764880e+08      -4.392458e+08      -4.378860e+08      -4.643887e+08      -6.111408e+08    -4.858299e+08    6.437160e+07               23
7        0.705954      0.044101         0.005198        0.001382            None                      10                100  {'max_depth': None, 'min_samples_split': 10, 'n_estimators': 100}      -4.767882e+08      -4.334597e+08      -4.426288e+08      -4.597921e+08      -5.941074e+08    -4.813553e+08    5.829681e+07               18
8        1.418321      0.052508         0.011359        0.006464            None                      10                200  {'max_depth': None, 'min_samples_split': 10, 'n_estimators': 200}      -4.695457e+08      -4.375886e+08      -4.403594e+08      -4.567767e+08      -6.078609e+08    -4.824263e+08    6.377725e+07               21
9        0.241666      0.023199         0.003786        0.003779               5                       2                 50       {'max_depth': 5, 'min_samples_split': 2, 'n_estimators': 50}      -5.608598e+08      -5.202154e+08      -5.432169e+08      -5.701816e+08      -6.851646e+08    -5.759277e+08    5.721297e+07               36
10       0.473925      0.048794         0.003553        0.001575               5                       2                100      {'max_depth': 5, 'min_samples_split': 2, 'n_estimators': 100}      -5.556017e+08      -5.145512e+08      -5.452484e+08      -5.694989e+08      -6.820304e+08    -5.733861e+08    5.725077e+07               29
11       0.879038      0.093389         0.006383        0.001818               5                       2                200      {'max_depth': 5, 'min_samples_split': 2, 'n_estimators': 200}      -5.537746e+08      -5.184362e+08      -5.403317e+08      -5.642135e+08      -6.952323e+08    -5.743977e+08    6.232529e+07               33
12       0.213647      0.006885         0.002739        0.001129               5                       5                 50       {'max_depth': 5, 'min_samples_split': 5, 'n_estimators': 50}      -5.603157e+08      -5.175172e+08      -5.450617e+08      -5.591515e+08      -6.855608e+08    -5.735214e+08    5.810358e+07               30
13       0.419535      0.031765         0.006142        0.002396               5                       5                100      {'max_depth': 5, 'min_samples_split': 5, 'n_estimators': 100}      -5.573655e+08      -5.145280e+08      -5.452180e+08      -5.633829e+08      -6.834420e+08    -5.727873e+08    5.783588e+07               28
14       0.916162      0.036228         0.005160        0.000363               5                       5                200      {'max_depth': 5, 'min_samples_split': 5, 'n_estimators': 200}      -5.556498e+08      -5.176860e+08      -5.399936e+08      -5.574148e+08      -7.006273e+08    -5.742743e+08    6.476665e+07               32
15       0.236606      0.025897         0.002744        0.001111               5                      10                 50      {'max_depth': 5, 'min_samples_split': 10, 'n_estimators': 50}      -5.596066e+08      -5.144010e+08      -5.507126e+08      -5.582894e+08      -6.898231e+08    -5.745666e+08    5.993618e+07               34
16       0.406905      0.013734         0.003145        0.000615               5                      10                100     {'max_depth': 5, 'min_samples_split': 10, 'n_estimators': 100}      -5.560747e+08      -5.134993e+08      -5.486716e+08      -5.662072e+08      -6.840406e+08    -5.736987e+08    5.795239e+07               31
17       0.856292      0.042015         0.012647        0.005486               5                      10                200     {'max_depth': 5, 'min_samples_split': 10, 'n_estimators': 200}      -5.567120e+08      -5.169389e+08      -5.418611e+08      -5.604547e+08      -6.993605e+08    -5.750654e+08    6.400126e+07               35
18       0.367528      0.027647         0.003574        0.001522              10                       2                 50      {'max_depth': 10, 'min_samples_split': 2, 'n_estimators': 50}      -4.748904e+08      -4.405078e+08      -4.411374e+08      -4.702652e+08      -5.853127e+08    -4.824227e+08    5.338957e+07               20
19       0.748408      0.024449         0.006646        0.003867              10                       2                100     {'max_depth': 10, 'min_samples_split': 2, 'n_estimators': 100}      -4.774044e+08      -4.327069e+08      -4.414594e+08      -4.671058e+08      -5.793847e+08    -4.796122e+08    5.248158e+07               16
20       1.511544      0.082475         0.014059        0.003922              10                       2                200     {'max_depth': 10, 'min_samples_split': 2, 'n_estimators': 200}      -4.712620e+08      -4.378868e+08      -4.314002e+08      -4.570497e+08      -5.929388e+08    -4.781075e+08    5.911987e+07                9
21       0.341321      0.014247         0.003084        0.001249              10                       5                 50      {'max_depth': 10, 'min_samples_split': 5, 'n_estimators': 50}      -4.755602e+08      -4.411650e+08      -4.339053e+08      -4.674625e+08      -5.931578e+08    -4.822502e+08    5.760059e+07               19
22       0.757442      0.037380         0.004575        0.001424              10                       5                100     {'max_depth': 10, 'min_samples_split': 5, 'n_estimators': 100}      -4.752972e+08      -4.355444e+08      -4.349974e+08      -4.607358e+08      -5.900259e+08    -4.793201e+08    5.744241e+07               15
23       1.364119      0.061809         0.009950        0.003611              10                       5                200     {'max_depth': 10, 'min_samples_split': 5, 'n_estimators': 200}      -4.690795e+08      -4.362155e+08      -4.316844e+08      -4.566368e+08      -5.992035e+08    -4.785639e+08    6.183160e+07               12
24       0.309008      0.013307         0.003088        0.001180              10                      10                 50     {'max_depth': 10, 'min_samples_split': 10, 'n_estimators': 50}      -4.781823e+08      -4.398499e+08      -4.484547e+08      -4.749710e+08      -6.112862e+08    -4.905488e+08    6.215370e+07               27
25       0.644321      0.027442         0.005894        0.002349              10                      10                100    {'max_depth': 10, 'min_samples_split': 10, 'n_estimators': 100}      -4.797310e+08      -4.378981e+08      -4.507774e+08      -4.735423e+08      -6.034100e+08    -4.890718e+08    5.913858e+07               26
26       1.322649      0.071312         0.010641        0.004595              10                      10                200    {'max_depth': 10, 'min_samples_split': 10, 'n_estimators': 200}      -4.715729e+08      -4.409686e+08      -4.431810e+08      -4.643971e+08      -6.130625e+08    -4.866364e+08    6.431015e+07               25
27       0.457163      0.043991         0.005009        0.001511              20                       2                 50      {'max_depth': 20, 'min_samples_split': 2, 'n_estimators': 50}      -4.774973e+08      -4.254920e+08      -4.318764e+08      -4.673221e+08      -5.886856e+08    -4.781747e+08    5.873653e+07               10
28       0.867036      0.048344         0.006687        0.002285              20                       2                100     {'max_depth': 20, 'min_samples_split': 2, 'n_estimators': 100}      -4.673281e+08      -4.191996e+08      -4.358507e+08      -4.602156e+08      -5.743622e+08    -4.713912e+08    5.427986e+07                3
29       1.860484      0.071504         0.010090        0.001379              20                       2                200     {'max_depth': 20, 'min_samples_split': 2, 'n_estimators': 200}      -4.637314e+08      -4.255049e+08      -4.332942e+08      -4.453919e+08      -5.851867e+08    -4.706218e+08    5.871629e+07                1
30       0.445154      0.049278         0.003075        0.000881              20                       5                 50      {'max_depth': 20, 'min_samples_split': 5, 'n_estimators': 50}      -4.833243e+08      -4.224084e+08      -4.329354e+08      -4.607960e+08      -5.937333e+08    -4.786395e+08    6.138032e+07               13
31       0.768736      0.035991         0.007020        0.001791              20                       5                100     {'max_depth': 20, 'min_samples_split': 5, 'n_estimators': 100}      -4.770155e+08      -4.220080e+08      -4.335106e+08      -4.533438e+08      -5.871413e+08    -4.746038e+08    5.929158e+07                6
32       1.553157      0.032235         0.010134        0.003546              20                       5                200     {'max_depth': 20, 'min_samples_split': 5, 'n_estimators': 200}      -4.685008e+08      -4.278373e+08      -4.302376e+08      -4.456890e+08      -6.002247e+08    -4.744979e+08    6.451253e+07                5
33       0.369397      0.024441         0.004405        0.001031              20                      10                 50     {'max_depth': 20, 'min_samples_split': 10, 'n_estimators': 50}      -4.764880e+08      -4.392458e+08      -4.378860e+08      -4.638979e+08      -6.135900e+08    -4.862215e+08    6.535880e+07               24
34       0.653822      0.028732         0.005570        0.001728              20                      10                100    {'max_depth': 20, 'min_samples_split': 10, 'n_estimators': 100}      -4.767008e+08      -4.334597e+08      -4.426241e+08      -4.582464e+08      -5.952048e+08    -4.812472e+08    5.884118e+07               17
35       1.196694      0.026370         0.006209        0.000286              20                      10                200    {'max_depth': 20, 'min_samples_split': 10, 'n_estimators': 200}      -4.695390e+08      -4.376786e+08      -4.403549e+08      -4.559982e+08      -6.085659e+08    -4.824273e+08    6.410630e+07               22